name: AioMinor
channels:
  - bioconda
  - conda-forge
  - defaults
dependencies:
  - _libgcc_mutex=0.1=conda_forge
  - _openmp_mutex=4.5=2_gnu
  - bowtie2=2.4.1=py38he513fc3_0
  - bzip2=1.0.8=h7f98852_4
  - c-ares=1.19.1=hd590300_0
  - ca-certificates=2023.7.22=hbcca054_0
  - curl=7.88.1=hdc1c0ab_1
  - gdbm=1.18=h0a1914f_2
  - graalpy=22.3.0=0_graalvm_native
  - htslib=1.9=h244ad75_9
  - java-jdk=8.0.112=1
  - k8=0.2.5=hdcf5f25_4
  - keyutils=1.6.1=h166bdaf_0
  - krb5=1.20.1=h81ceb04_0
  - ld_impl_linux-64=2.40=h41732ed_0
  - libcurl=7.88.1=hdc1c0ab_1
  - libdeflate=1.18=h0b41bf4_0
  - libedit=3.1.20191231=h46ee950_2
  - libev=4.33=h516909a_1
  - libffi=3.4.4=h6a678d5_0
  - libgcc=7.2.0=h69d50b8_2
  - libgcc-ng=13.1.0=he5830b7_0
  - libgomp=13.1.0=he5830b7_0
  - libnghttp2=1.52.0=h61bc06f_0
  - libnsl=2.0.0=h7f98852_0
  - libsqlite=3.42.0=h2797004_0
  - libssh2=1.11.0=h0841786_0
  - libstdcxx-ng=13.1.0=hfd8a6a1_0
  - libuuid=2.38.1=h0b41bf4_0
  - libzlib=1.2.13=hd590300_5
  - lz4-c=1.9.4=hcb278e6_0
  - minimap2=2.24=h7132678_1
  - ncurses=6.1=hf484d3e_1002
  - openjdk=8.0.112=zulu8.19.0.1_3
  - openssl=3.1.2=hd590300_0
  - patch=2.7.6=h7f98852_1002
  - perl=5.22.0.1=0
  - perl-bio-db-sam=1.41=2
  - perl-bioperl=1.6.924=4
  - perl-data-dumper=2.161=pl5.22.0_0
  - perl-getopt-long=2.50=pl5.22.0_0
  - perl-list-util=1.38=pl5.22.0_0
  - perl-math-cdf=0.1=3
  - perl-test-more=1.001002=pl5.22.0_0
  - perl-text-nsp=1.31=0
  - perl-threaded=5.32.1=hdfd78af_1
  - perl-yaml=1.24=pl522_1
  - pip=23.2.1=pyhd8ed1ab_0
  - python=3.8.5=0_native223_graalpy
  - python_abi=3.8=3_graalpy223_38_native
  - readline=8.0=h46ee950_1
  - samtools=1.9=h10a08f8_12
  - setuptools=68.0.0=pyhd8ed1ab_0
  - tbb=2020.3=hfd86e86_0
  - tk=8.6.12=h27826a3_0
  - wheel=0.41.1=pyhd8ed1ab_0
  - xz=5.2.10=h5eee18b_1
  - zlib=1.2.13=hd590300_5
  - zstd=1.5.5=hc292b87_0
